-0.000694488
2.55895e-07
0.000288072
0.000868701
4.34254e-07
-4.39437e-07
-1.64519e-08
-0.000412157
9.95653e-08
0.000113797
0.000256691
4.36151e-08
-8.09816e-08
-4.73526e-09
-0.00459629
1.22362e-05
0.04355
0.104929
0.00706116
-0.000366991
-0.000672675
-0.00156495
1.33957e-06
0.00242476
0.00677196
2.73762e-05
-7.83751e-06
-1.88915e-06
-0.00200026
3.01038e-06
0.0122366
0.0173983
0.000253417
-3.01675e-05
-1.49439e-05
-0.000431756
1.10462e-07
0.000132343
0.0002911
5.68032e-08
-9.673e-08
6.16355e-09
-0.000815476
3.56041e-07
0.000444266
0.00130673
9.94253e-07
-7.79698e-07
5.23919e-08
-0.000412157
9.95653e-08
0.000113797
0.000256691
4.36151e-08
-8.09816e-08
-4.73526e-09
-0.000412157
9.95653e-08
0.000113797
0.000256691
4.36151e-08
-8.09816e-08
-4.73526e-09
-0.000988729
5.45506e-07
0.000838798
0.00218756
2.95109e-06
-1.61556e-06
-2.68199e-07
-0.003251
6.486e-06
0.0224056
0.0465976
0.00149786
-0.00011864
-0.000152981
-0.000694488
2.55895e-07
0.000288072
0.000868701
4.34254e-07
-4.39437e-07
-1.64519e-08
-0.000412157
9.95653e-08
0.000113797
0.000256691
4.36151e-08
-8.09816e-08
-4.73526e-09
-0.00459629
1.22362e-05
0.04355
0.104929
0.00706116
-0.000366991
-0.000672675
-0.00156495
1.33957e-06
0.00242476
0.00677196
2.73762e-05
-7.83751e-06
-1.88915e-06
-0.00200026
3.01038e-06
0.0122366
0.0173983
0.000253417
-3.01675e-05
-1.49439e-05
-0.000431756
1.10462e-07
0.000132343
0.0002911
5.68032e-08
-9.673e-08
6.16355e-09
-0.000815476
3.56041e-07
0.000444266
0.00130673
9.94253e-07
-7.79698e-07
5.23919e-08
-0.000412157
9.95653e-08
0.000113797
0.000256691
4.36151e-08
-8.09816e-08
-4.73526e-09
-0.000412157
9.95653e-08
0.000113797
0.000256691
4.36151e-08
-8.09816e-08
-4.73526e-09
-0.000988729
5.45506e-07
0.000838798
0.00218756
2.95109e-06
-1.61556e-06
-2.68199e-07
-0.003251
6.486e-06
0.0224056
0.0465976
0.00149786
-0.00011864
-0.000152981
