-0.00621796
2.46552e-05
0.107389
0.240548
0.0385974
-0.00119419
0.00223274
-0.003826
7.94387e-06
0.021536
0.0627411
0.00230487
-0.000176833
-8.06689e-05
-0.0144513
0.000117192
0.668162
1.78537
1.94528
-0.0193265
-0.135569
-0.00403453
8.83704e-06
0.0246068
0.0716589
0.00300728
-0.000213019
0.000103781
-0.00425175
9.85785e-06
0.0285359
0.08199
0.00396193
-0.000257421
0.000176513
-0.003826
7.94387e-06
0.021536
0.0627411
0.00230487
-0.000176833
-8.06689e-05
-0.00392888
8.33419e-06
0.0225225
0.0667578
0.00258853
-0.000192723
-1.53592e-05
-0.00122983
8.22962e-07
0.00130813
0.00369379
8.10136e-06
-3.35078e-06
-5.43825e-07
-0.0040348
8.87493e-06
0.0250297
0.0719186
0.00304823
-0.000214247
0.000137638
