-0.000179667
2.34574e-08
2.70733e-05
4.02211e-05
1.32423e-09
-6.15702e-09
-8.94552e-11
-0.00243556
3.27362e-06
0.00751303
0.0205932
0.00025549
-3.72577e-05
1.83784e-05
-0.000754495
3.49201e-07
0.000591191
0.00121169
1.01992e-06
-7.15832e-07
1.07166e-07
-0.00118634
7.51895e-07
0.0011121
0.00332607
6.39351e-06
-2.88408e-06
-2.08701e-07
-0.0010642
6.10235e-07
0.00087997
0.00255341
3.82143e-06
-1.99461e-06
-2.15276e-07
-0.00533461
1.83781e-05
0.0904359
0.168952
0.0207887
-0.000724007
0.00199494
-0.00132075
1.07294e-06
0.00239923
0.00491994
1.68133e-05
-5.09478e-06
1.74366e-06
-0.000754495
3.49201e-07
0.000591191
0.00121169
1.01992e-06
-7.15832e-07
-1.07166e-07
-0.00122983
8.22962e-07
0.00130813
0.00369379
8.10136e-06
-3.35078e-06
-5.43825e-07
-0.0042484
1.17494e-05
0.0525422
0.0964416
0.00683456
-0.000330441
0.000647481
-0.000754495
3.49201e-07
0.000591191
0.00121169
1.01992e-06
-7.15832e-07
-1.07166e-07
