-0.00254561
4.9134e-06
0.022846
0.032126
0.000868936
-7.11647e-05
-4.9456e-05
-0.00459395
1.16035e-05
0.0357402
0.100169
0.00598339
-0.000341202
-0.000346801
-0.00209033
2.34611e-06
0.00460989
0.0137419
0.00010935
-2.10484e-05
2.30489e-06
-0.00142097
1.62443e-06
0.00632379
0.00816553
5.86283e-05
-1.04005e-05
2.38342e-06
-0.000410246
1.19806e-07
0.00020055
0.000309101
7.67516e-08
-1.06933e-07
5.65411e-09
-0.000409154
1.22444e-07
0.000214875
0.000317323
8.26791e-08
-1.10976e-07
-5.47274e-09
-0.000539028
1.53606e-07
0.000151968
0.000460124
1.21571e-07
-1.80333e-07
4.94384e-09
-0.000643806
3.41158e-07
0.000935491
0.00117091
1.22475e-06
-6.83497e-07
-4.21496e-08
-0.00110201
8.30323e-07
0.0021023
0.00348838
9.41326e-06
-3.17713e-06
-7.94677e-07
-0.000563109
1.70079e-07
0.000179326
0.000519143
1.58054e-07
-2.14091e-07
1.04536e-08
-0.0022102
4.43788e-06
0.0288045
0.0319889
0.00097095
-6.73579e-05
-1.19937e-05
