-0.00167212
1.52944e-06
0.0028579
0.00799073
3.8098e-05
-9.88176e-06
2.58914e-06
-0.00166251
1.55319e-06
0.00301432
0.00801883
3.9332e-05
-9.99305e-06
-2.6929e-06
-0.00167241
1.54522e-06
0.00297118
0.00806076
3.93289e-05
-1.00195e-05
-3.06644e-06
-0.00459286
1.14204e-05
0.0335507
0.0988264
0.00568981
-0.000333974
9.64993e-05
-0.000724549
3.0541e-07
0.000449709
0.00104337
7.10766e-07
-5.76509e-07
-7.48522e-08
-0.0010642
6.10235e-07
0.00087997
0.00255341
3.82143e-06
-1.99461e-06
2.15276e-07
-0.0102902
6.06456e-05
0.310279
0.778067
0.380868
-0.00605855
-0.0330292
-0.00222388
2.69632e-06
0.00571693
0.0162436
0.000156268
-2.66719e-05
9.0952e-06
-0.00382696
8.0778e-06
0.0229983
0.0636385
0.00242947
-0.000180862
0.000157946
-0.00282114
4.45166e-06
0.011391
0.0300681
0.000554615
-6.34357e-05
4.53484e-05
